VSDS_name: JShape
N_viapoints: 30.0
q_goal: [1.0, 0.0, 0.0, 0.0]
q_init: [0.9089937433366442, 0.26929900852277644, 0.25493639473489493, 0.19030463268942874]

