VSDS_name: cutting
N_viapoints: 32.0
q_goal: [0.05013286334262105, 0.18588498909876933, 0.9803708789751389, 0.03519640755927905]
q_init: [-0.0011448200130848517, 0.8511277594737057, 0.5247000468438596, -0.011805557956044755]


