VSDS_name: Trapezoid
N_viapoints: 25.0
q_goal: [1.0, 0.0, 0.0, 0.0]
q_init: [0.8106614165070403, -0.43288609190990307, 0.02552673498457096, -0.3934286276045471]
