VSDS_name: Worm
N_viapoints: 30.0
q_goal: [1.0, 0.0, 0.0, 0.0]
q_init: [0.7771412808569355, -0.451523035565072, -0.01612582269875255, -0.43808484998277814]
