VSDS_name: Trapezoid
N_viapoints: 30.0
q_goal: [1.0, 0.0, 0.0, 0.0]
q_init: [0.8045456826072777, -0.4388525757807522, -0.003226857174858541, -0.4001302896824505]
